Acute_Lymphoblastic_Leukemia	Acute_Myeloid_Leukemia	Acute_T_Cell_Lymphoblastic_Leukemia	Adenocarcinoma	Amelanotic_Skin_Melanoma	Anaplastic_Carcinoma	B-Cell_Neoplasm	Blast_Phase_Chronic_Myelogenous_Leukemia	Brain_Glioblastoma	Bronchogenic_Carcinoma	Burkitt_Lymphoma	Carcinoma	Choriocarcinoma	Chronic_Lymphocytic_Leukemia	Chronic_Myelogenous_Leukemia	Clear_Cell_Adenocarcinoma	Colon_Carcinoma	Colorectal_Adenocarcinoma	Cutaneous_T_Cell_Lymphoma	Erythroleukemia	Esophageal_Carcinoma	Fibrosarcoma	Glioblastoma	Hepatocellular_Carcinoma	Hodgkin_Lymphoma	Large_Cell_Lung_Carcinoma	Leiomyoblastoma	Leiomyosarcoma	Liposarcoma	Lung_Adenocarcinoma	Lung_Atypical_Carcinoid_Tumor	Lung_Carcinoma	Lymphoma	Medulloblastoma	Melanoma	Mesothelioma	Myeloid_Leukemia	Myeloma	Neuroblastoma	Non-Hodgkin_Lymphoma	Osteosarcoma	Ovarian_Serous_Adenocarcinoma	Papillary_Lung_Adenocarcinoma	Plasma_Cell_Myeloma	Retinoblastoma	Rhabdomyosarcoma	Sarcomas	Small_Cell_Carcinoma	Small_Cell_Lung_Carcinoma	Squamous_Cell_Carcinoma	Synovial_Sarcoma	T-Cell_Lymphoma	Wilms_Tumor

Chemical Scores
---------------
>Daidzein.txt
0.162407137909	-0.0814748290281	-0.00556173186543	0.156181249442	-0.0527332854898	0.322567732459	-0.221834185151	-0.361804719643	0.473922051756	-0.00274408378221	0.234706326802	-0.634676134535	-0.311177270054	0.127496634542	-0.247472675855	0.863373937328	0.352696010992	-0.902615993074	-0.109812705273	-0.351581259547	0.0	-0.0731324609844	0.551699061374	-0.315394131687	-0.274491768532	0.171465709404	0.599847982977	-0.032811789753	0.297122599323	-0.899648296564	-0.461407590264	-0.281005389488	0.450681156317	0.29094068349	0.859549487115	0.622145261654	-0.345578757461	-0.114099432236	0.168378396819	-0.218638695081	0.53812585873	-0.00638593446403	-0.159726286255	0.168209061418	0.310160871678	0.465378079799	0.589495563322	-0.333406978862	-0.29494966947	0.614610596996	0.312874947231	0.438918808318	0.658572252533
>Phloridzin.txt
0.199779908923	-0.280370961845	-0.0312571325312	0.218558929122	-0.106504599348	0.042564991497	-0.139682128775	-0.377708173007	-0.202012184696	0.115040773057	-0.199381628372	-0.0445745737176	-0.0671875739224	0.187863614136	-0.260526578543	0.102971366018	0.0131381438477	-0.0862616771752	-0.246097653223	-0.433374504118	0.30432267875	-0.154357246348	-0.189145851093	0.586957249627	-0.0270949417519	0.462174891395	0.00668701273517	0.253596100482	-0.26351271244	-0.209091180059	0.421092229471	-0.00886485609585	-0.262822033805	0.018186925465	-0.143648795418	-0.106055435248	-0.313556567462	-0.0158226276578	-0.347288570648	-0.116550332771	-0.373237685732	-0.183784634883	0.400976156463	0.123518006119	-0.431669177275	-0.101960763502	-0.117767665732	0.0230620709593	0.323254679889	0.00727083067235	-0.131076938234	0.0673710000834	-0.11233123057
>Genistein.txt
0.492029252341	0.124775402423	-0.137478449635	0.416193896012	-0.117997740221	0.17372613449	-0.155117200854	-0.848790884942	0.161400983898	0.338212190786	0.0446443199805	1.0	-0.106940376073	0.273328817099	-0.255717788791	0.679489282458	0.318981374522	-0.091276571963	0.0578010107026	-0.179993981493	0.223262399297	-0.386952350741	0.0	-0.515674966504	-0.0874143066169	-0.119050521564	0.103308413206	-0.693504086517	-0.0790679467176	-1.0	-0.197280636047	0.0	0.198861217792	-0.294663756683	0.985170613673	0.189447572098	-0.435692164701	0.101280552945	-0.288233571039	0.123943791419	-0.14913949922	0.11950016651	0.237856477352	0.195587809507	-0.109679204824	0.178338770229	0.136069849973	0.206254454143	-0.229542151507	0.0	-0.0831417362687	0.103982726267	0.289052938042
>folate.txt
-0.123508997569	-0.15535523587	-0.138678142454	-0.0239467073496	0.0660523011454	0.101126780861	-0.206793102165	-0.190725220897	0.0538447810157	0.0753803602473	-0.166025507715	-0.159581318267	-0.129191997641	-0.0870944743918	-0.141912430164	0.0756941552447	-0.00788370839032	-0.00438558660403	-0.224916250219	-0.00151773601193	-0.0685504986884	0.00277849034472	0.187032405361	-0.0325684839546	-0.0361261105774	-0.0982682879432	0.0934092463664	-0.0183879676334	0.0352871069826	0.0582151096977	0.0902016780632	-0.0959066302334	-0.0472858658983	-0.107004901616	-0.00757190326578	0.146939419849	-0.0950125659157	-0.189537539546	0.0225384342956	-0.04540802294	0.0484181037556	0.108807397154	0.0861874238618	-0.136889680918	-0.0719114762044	0.0297155687808	0.0670525047257	0.216684606761	0.0310882562801	0.106195443726	0.0642588543802	-0.0821755141345	-0.112398397551
>cholesterol.txt
-0.158816410689	-0.15523428945	0.0316750623145	0.045260051494	0.0128757180236	0.157309371577	-0.187331431294	-0.159283739173	0.0433218104261	-0.107668626875	-0.224791209448	-0.0757774877967	-0.118503326882	-0.221660957422	-0.0652289454895	0.30411374513	-0.105566721885	-0.188411853194	-0.00503513695887	0.0683510966036	0.21555419621	0.196089168039	0.00459529586841	-0.268967825309	-0.0198533055136	-0.180997215498	-0.0465735981872	-0.0435052671601	0.385773593188	-0.0371650801644	-0.0449475701931	-0.279354796858	0.0165391857796	-0.213321853101	-0.0439161970108	0.410638411331	-0.24203660545	-0.252801550835	-0.101548574877	0.013082005852	0.246877685274	0.0953321307287	-0.0593021621258	-0.32905205948	-0.139992319785	0.221017305517	0.179024130944	0.281350963308	-0.151811921484	0.205431167761	0.177161059289	-0.129681554478	-0.158917895151
>Quercetin.txt
0.0751293442849	-0.0416688891648	0.0580450696295	0.21085143346	0.0128752355959	0.0367311857089	0.0524437999762	-0.00636523771921	0.0150996783569	0.200348877649	0.0356472409285	0.388874515581	0.221853097002	0.0159119288283	0.128217592933	-0.101030950152	0.238911047804	0.446597835621	0.0657582386345	-0.00256883882987	0.238107557898	0.0145229241529	-0.0433718201891	0.235047747259	0.0684818116057	-0.0893664439029	0.247302701726	0.0934021502023	0.0534457351985	0.0688873506442	-0.0742332929261	0.424081950926	0.110844638572	0.368183800857	0.151962820988	-0.157132979824	0.239014461034	0.0994342667704	0.232331225821	0.0915827466586	0.105087239967	-0.00426175646147	0.122825210453	0.090338471101	0.338041209577	0.136286350799	0.0217426029893	-0.188804946132	0.291237097184	-0.0356403974105	-0.0352887691562	0.0636567347322	0.248790827632
>omega-3.txt
-0.449036103829	-0.467451373773	-0.331662710584	0.0174462336761	0.0974146216892	0.0944328117496	-0.526763123866	-0.399743876783	0.178032265128	0.0787264908804	-0.547871783932	0.00842814299869	-0.102308649508	-0.489633083467	-0.262092253121	0.127588206167	-0.0275703771666	0.104322846744	-0.427108129026	-0.242936140124	0.0325836502245	-0.0109019551609	0.224141858054	0.0953882723628	-0.335325168572	0.136508758094	0.00927371732324	-0.027228241433	0.108747793141	0.212630259822	0.172127341208	0.123498220181	-0.249977311625	0.0360739569278	0.0927464930862	0.201681534501	-0.215084723529	-0.380070079604	0.15844749384	0.0200704592152	0.195665013896	0.0486449654799	-0.0194198933608	-0.477885894822	0.0361999355699	0.13083398715	0.151693330539	0.140691247512	0.127411768906	0.20510351702	0.112557876882	-0.292874309705	-0.0151502688768
>calcitriol.txt
-0.180513829121	-0.117158502257	-0.0855622805312	0.312410764446	0.0130550349169	-0.0395105498336	-0.134575203328	-0.117880667394	-0.0108513591715	0.0244373717161	-0.190524330621	0.106208231571	-0.139972426551	-0.191956684909	-0.0798223462515	-0.00515441782316	-0.00735408616463	-0.119413096668	-0.123219686589	-0.084454024802	0.107614419002	-0.0316052184087	-0.123721710576	-0.0698593531934	-0.217493276314	-0.104058583976	-0.151601373006	-0.0607209194006	0.0396190671506	-0.100433331543	-0.168169298286	-0.123708306877	-0.023231805069	-0.0793310227166	-0.00933095386904	0.0266615145914	-0.114344742424	-0.0234864263942	-0.17936267841	-0.00115343886329	-0.087992931512	0.0102299421959	-0.0126406220219	-0.1521707442	-0.239574932842	-0.127319751685	-0.120915162999	-0.0369908786412	-0.159122021904	0.0431282222037	-0.0837469288689	-0.152279255914	-0.0477825492811
>vitamin_c.txt
0.23791698157	-0.0718189579185	-0.703451357747	0.857613147761	0.0	1.0	-0.234381945646	-1.0	0.0	1.0	-0.19256327828	0.591053024655	1.0	-0.768085329944	0.0609247518562	-0.255258613182	-1.0	0.0812674523845	-0.143510248687	0.514498723378	-0.0944223342225	0.0	0.559654256474	1.0	0.643784494897	0.0	-0.991140925275	-0.755212197145	0.292514279093	0.80568037114	0.552153207496	0.0	0.0266524419739	-0.312947329672	0.629584795996	0.0	0.395280815497	-0.827725592275	0.520325005523	-0.0896569325109	0.0	1.0	-0.62326492078	-0.874853993084	0.0	-0.101270443593	-1.0	1.0	0.0	0.0	-0.853327467745	-0.668627921788	0.0



Food Scores
-----------
>apple
1.5625677481	-1.71772304695	-3.50323163029	5.30661812516	-0.0367107740713	5.1651722244	-1.86398154497	-6.21373525133	-0.321328723574	5.93899975964	-1.77725874743	3.67958116279	4.9213203522	-3.22531598429	-0.332147380575	-1.07524829042	-3.63027621653	1.9194869304	-1.73320804486	1.18606245972	1.13344507952	-0.348648595789	2.45278345747	7.02375101614	3.05475701602	0.590086153971	-3.26934861899	-2.47242387716	0.956895206459	3.59455803806	3.64557238132	1.38900226961	-0.281760634876	-0.235232550402	3.09633000427	-0.474574110363	1.64823487581	-4.01998180176	2.45855228879	-0.494919539424	-0.437355231086	4.41495188022	-1.0373014092	-3.74047670537	-0.0213792650822	-0.104463521302	-4.62844966865	4.55498295717	2.13068061745	0.19522687207	-4.22663471665	-2.88572348613	0.358285015917
>soybeans
1.2209069398	-17.0876394121	-28.8328656221	20.2915681826	4.4470172186	33.9427898199	-32.3449833257	-57.0872835918	15.1156003176	29.9924824767	-17.5615125908	1.9499903464	-5.05085138896	-14.6878968773	-22.8195734044	28.3607732442	-5.64717882892	-12.5425672554	-27.5208729014	-0.215972216415	-4.85338191446	-7.89560311209	36.4347872424	-2.03560687952	0.644402260182	-10.9290695212	4.86527514536	-27.0342185386	10.7395318081	-11.5316131976	8.83521437882	-14.2367629486	4.67076312992	-18.441048316	38.3496035432	27.8784151298	-17.130719436	-33.2965737496	7.23758658229	-6.89295714844	9.51416547809	29.5422798369	2.44346796424	-22.7811896793	-6.03914649232	11.0957264806	2.29055979741	38.941364858	-4.63183243164	19.7069256004	-3.4522300216	-11.776757868	1.42479238974
>carrots
-0.927183600254	-3.38423179997	-6.77305825271	4.64920893318	1.25769752124	7.82912238535	-5.30090922246	-9.52511589696	1.02622177175	7.374300109	-4.28312206784	0.536831446668	3.4919411952	-6.18315695506	-2.30995444265	-0.0890533676546	-5.99961913938	0.489937369073	-5.10630999131	3.00616602755	-1.80954865983	0.0558411306218	6.84646773282	5.33055883179	3.12631359936	-1.88586442414	-4.0210222108	-4.78550889665	2.40751288371	5.87406761762	4.95594681591	-1.73316876474	-0.717904670321	-3.80216377759	3.60259632674	2.75885105137	0.577111095849	-8.46391304978	3.54693734163	-1.37249596088	0.94201229175	7.96644557707	-2.01390868503	-7.74357141771	-1.29532939387	-0.00427967669785	-4.62143646358	9.97735848977	0.651836659731	2.01022894733	-3.821124468	-5.49287159281	-2.08332347967
>Beef, retail cuts, separable fat, cooked
-14.5460724069	-14.7454254416	2.79811174747	4.98418321784	1.0712854116	15.340678244	-18.2048961259	-16.3746807865	4.61714855249	-9.84642099827	-21.263810107	-6.49102108819	-11.6460204107	-20.7854967891	-6.69156430032	30.2167790506	-9.44971411432	-18.6438328716	-0.568094865627	6.01081415389	20.7663312783	18.1442889283	0.772392724453	-26.3466097483	-2.27572517524	-17.241686336	-3.96997889779	-4.93709807831	36.7848394048	-5.24873618874	-4.84941695254	-26.7678177598	2.06314661734	-20.4210365135	-2.51954471778	39.6587665686	-23.7607135723	-24.0181976224	-9.90912942665	1.23234491948	23.6298617506	9.19002614909	-5.48787409477	-31.0283751774	-13.3043089065	21.4610670755	17.5128230715	26.7248282293	-14.9246797496	19.9593585724	16.9236826344	-11.9937438063	-14.3610624663
>Milk, nonfat, fluid, with added vitamin A and vitamin D
-1.01359472201	-1.46219105054	-1.64518996025	1.26510723876	0.43773128482	1.97396676852	-2.03473185979	-2.7043756046	0.39669067594	1.36626975379	-1.88618426804	-0.331434680189	-0.0801255514677	-2.04113064602	-1.01070206042	0.775422645841	-1.36726059751	-0.45703874439	-1.6652926727	0.592199543089	0.0450781354477	0.370923016055	1.59853865333	0.282822221823	0.190707738319	-1.07647445943	-0.804868383586	-1.10093686026	1.35257841585	1.04068890826	0.856880298295	-1.28259934337	-0.249197303742	-1.5081124058	0.548082317337	1.73490715927	-0.756553400256	-2.58151020212	0.289255748004	-0.346290878334	0.678672475268	1.95578457502	-0.302239940365	-2.6243864899	-0.998943416207	0.356146833744	-0.484734905356	2.91842051281	-0.308040731573	1.09978886452	-0.299281284304	-1.67064201483	-1.04956523475
>kale
12.827199364	-31.468921239	-102.660439971	104.298291825	9.60507142747	135.089210603	-56.1047475107	-147.039980653	7.93484518316	135.153295717	-45.7177539991	57.2062679263	106.792348176	-104.09616546	-9.80615010452	-22.2381606647	-115.717267127	19.2189489318	-47.4538711763	61.4654122855	-15.6195059279	0.719585746426	92.5529856515	120.716175778	73.7033238506	-15.8723578157	-100.182019553	-91.1094188246	41.2850877545	106.447577684	77.3023550256	-3.94582942881	-0.968641888951	-44.3274197256	77.9147851219	17.1724123297	39.4317217484	-123.810439106	70.8645434524	-15.0932240117	9.20177915813	135.246098987	-59.8661646759	-122.248860361	-2.50618563322	-4.88390389218	-110.053131925	146.290720782	10.9608519076	14.170848427	-94.1344924906	-90.3876577803	-10.2306286695
>Chicken breast, meat, roasted
-13.8604839021	-13.8178270259	2.09031291297	3.91801781026	1.32087879414	13.8807420607	-16.8522153575	-14.6023628839	4.03356285334	-8.76307661038	-19.7377836395	-6.94564185811	-10.6935416527	-19.1198197466	-6.23613722679	26.4957525054	-8.85543276032	-16.2467902907	-1.35175698071	5.67758275609	18.1148075613	16.5640591234	1.23893883006	-23.1905687076	-1.93388992064	-15.7823467284	-3.45438956068	-3.95778233308	32.9766107667	-3.36401806505	-3.61643408764	-24.1961211802	1.35171590976	-18.5834272852	-3.34496743859	35.6684965547	-21.144785841	-22.2499310708	-8.59620963364	0.917681975204	21.2417733173	8.56856799916	-4.66987348429	-28.4544409482	-12.1759762073	19.0315699173	15.6266031413	24.7641603506	-12.9106738573	18.0157170114	15.3502658983	-11.2560114127	-13.7585667507
>jalapeno
25.2406650502	-12.9469536144	-86.8959355076	102.136247305	1.85356030648	121.521371835	-33.1415606024	-123.801839913	1.53926606995	121.654974861	-27.16735559	67.762208332	116.231495833	-93.3902791149	4.03099853922	-28.7357768387	-117.602959633	11.7893761834	-22.7810153868	60.9533989004	-11.8405178023	0.148105367005	71.2161817272	118.917112425	75.7078726357	-3.09950620715	-113.772975702	-89.5924542181	35.9213526561	97.4853903598	67.5530592887	-0.4332086141	2.43374469083	-38.1361900746	75.239404244	3.18078420495	45.5160145195	-102.800640583	63.5049250706	-11.3940007666	1.84986435873	121.518624866	-70.9704063379	-107.019583211	-0.225930928187	-10.5108407552	-116.671762709	123.500277868	2.32232559073	2.69683534158	-99.6429347721	-81.2099144761	-1.77414475124
>spinach
-16.9770148495	-32.3224539663	-46.4401038623	20.2903484171	12.8652611075	47.8644182943	-46.4957926069	-65.1259628478	10.5058332401	43.5191749322	-37.4784570698	-12.8063539241	3.91750925281	-38.416355446	-25.3100020807	7.11080621496	-28.6809625679	3.20580501824	-47.4053303233	14.1527750504	-15.0067773323	0.596683135763	51.8383851208	22.7148536694	11.3537516467	-19.4188326433	-8.7478744793	-24.4179219243	15.2775295659	34.2068324924	32.719924502	-16.9222809201	-7.98447114967	-28.0910811878	16.8256759333	27.8824295209	-6.37615946189	-59.6346177758	19.9159438751	-10.9649327497	9.81030847126	49.1917158748	-0.305767959223	-50.7813515735	-12.6088027816	3.46017769117	-15.0054959493	69.3872580755	7.18733299417	20.4604237051	-11.6523805074	-34.4777771074	-20.8175895393
>celery
-3.67948082536	-5.83167812764	-7.15047476019	1.87875135252	2.38290418312	6.75488927342	-8.15068262747	-9.968590395	1.94430099112	5.89182903119	-6.55996201644	-3.7610020201	-1.46438920723	-5.51025994869	-4.86997589391	1.89428581739	-3.29063819341	0.268221140539	-8.51622106576	1.5393056989	-2.66766524129	0.10568959283	8.45117977819	2.01920319907	0.721899859923	-3.57251127908	0.38664405451	-2.96669780737	2.19797395329	4.6202191664	4.92998436927	-3.28724672754	-1.57643919318	-4.67872149782	1.73838985021	5.22853725244	-2.10186620512	-9.35052139568	2.51500032983	-1.87690804543	1.78403575879	7.01540421253	1.21852783668	-7.60484388788	-2.45697707162	0.80897377778	-0.677630214709	10.8270119144	1.23275969399	3.80913621914	-0.345759012296	-5.00623893984	-3.94931388908
>cheddar-cheese
-19.2197602225	-19.6891752902	-0.699615570707	4.02372400617	3.07763099081	18.2916764769	-24.2731821535	-21.037368808	5.75752137592	-8.59981473203	-26.9170776561	-11.745930569	-15.3162737914	-24.4699155743	-10.368645696	32.1632208936	-10.6716864901	-18.8303134209	-6.69640210229	6.64595493973	19.5574806497	19.4675755095	5.45747323234	-27.5376327916	-3.11161721745	-20.6180222082	-2.17858454637	-4.84319651556	39.1811587896	-2.14227934218	-2.09461043944	-30.3050091029	0.316724652487	-24.0512655394	-4.54661388539	44.6607657506	-26.6213802315	-30.2045673658	-9.5333750946	0.0708183517548	25.7188636863	12.3876560265	-3.5537683666	-36.4208240272	-15.9402504837	22.6223418307	19.4794606929	33.6989181725	-14.2701811083	23.2554519443	19.2371927257	-15.1837252457	-18.7981159157
>pink-salmon-cooked
-11.8473092686	-10.9919815818	-0.173020626372	6.43666649033	1.2402882761	8.67517502108	-13.2605037061	-11.3785959144	2.56960645677	-5.2012071026	-15.851258045	-3.58218012255	-9.01704636619	-15.2838408515	-5.42133509754	17.0798234347	-5.95028959021	-11.9025235759	-3.14431539207	2.57365038447	12.9224683497	10.3843312093	-0.346512124766	-15.8327662734	-4.21063225384	-11.7539019936	-4.06225919083	-3.28308680385	21.9449178049	-2.98846918486	-4.15050682543	-17.4115005551	0.288719909652	-13.2871253182	-2.5439464095	23.7329643185	-15.3445357396	-15.2825196631	-7.7519065931	0.484098753478	12.7410245538	5.936346263	-3.0014184487	-20.9182336959	-11.1616631174	10.6925480912	8.65975140564	16.1232727051	-10.2207548013	12.4580424948	9.01358655685	-9.61964191607	-9.92864895047
>Egg fried
-70.3953234249	-70.4569968746	5.41811713952	17.627796533	8.56298161946	68.1671924627	-86.0015624219	-73.9072996869	20.1176452191	-39.265525835	-99.0550147037	-38.2839495628	-54.4310661695	-93.771528303	-33.5957395859	125.837186552	-42.7387242681	-76.0531453407	-13.7875687138	27.1203786736	83.184329236	78.6940720971	11.1336610461	-109.681679293	-10.3094499899	-77.8112561553	-14.231044778	-18.5331445152	156.592901233	-12.1804150311	-13.7965086465	-117.182880172	4.16751657443	-91.1717513499	-17.9746309748	172.246901437	-102.182408582	-111.114567122	-39.9590065228	2.92684794069	101.293210265	43.8050485325	-19.4120203537	-139.287422432	-60.325288743	89.8840544426	74.9659537991	123.797169723	-59.6439930235	87.9133464141	74.1458912414	-56.5349833576	-69.5454723516
>tomatoes
3.24842188396	-5.86175487385	-11.9651037903	13.4794237076	0.0397107596912	15.6212907241	-7.53965094282	-19.9639437084	-1.00168013358	15.9822747103	-6.90225878377	5.52808271935	11.2861066663	-10.1291846902	-3.56439035502	-1.49348632885	-13.5614439235	0.530251948691	-7.5165732609	3.12400600651	0.555163033159	-1.33911456595	8.74528107856	18.6304156807	8.0738208964	2.63371716594	-11.9738732992	-8.28568846394	2.19613634277	10.0691817729	12.664298869	-1.27241562683	-2.6452579473	-5.51522300707	7.30703243357	1.15845525221	1.30677796381	-14.2676354816	4.47568406524	-2.90525532138	-2.57191701607	13.6755774246	-3.56589402652	-12.8747865507	-4.76763083699	-1.78027233357	-13.741510711	17.0483208713	3.54453347957	1.63769770144	-11.9268634226	-9.74957533362	-2.55265835837
>endive
-15.9918172746	-22.52726672	-24.2647300538	2.1740530168	9.37942676265	20.8600028822	-30.8881031542	-33.5829813674	7.64595890423	17.2040111551	-24.8272834043	-18.8187025336	-11.845263665	-17.3599700083	-19.7555541962	9.08938905907	-7.61948659143	-0.0945148572734	-32.8709241476	3.12872318826	-10.3479159862	0.39454562895	30.1963542283	1.87527527845	-0.945308485154	-13.9540968879	6.82169696974	-7.51997068538	6.91211200563	13.5034679895	16.3976341337	-13.6187414931	-6.54135208472	-17.2288536723	3.01709091023	20.8653976186	-10.9224590593	-32.2945469654	6.58257020588	-7.0307093188	6.8753707333	21.9506503959	8.1873922033	-25.1248856454	-10.211429621	3.56135288351	3.02145567105	37.26921416	4.41453239178	15.0797530091	3.57812878164	-16.0150044987	-15.9605724523
>garlic
7.06838147907	-2.7155490319	-22.3527438432	26.727313673	0.200075865344	31.5135849452	-7.92535003052	-31.7770031051	0.169142502452	31.4641799267	-6.49693076644	18.0296498111	30.8514643228	-24.2212474846	1.49700158332	-7.74754840669	-31.174731066	2.59821518342	-5.14087257141	16.0438030694	-3.10638788781	0.0103635020134	18.0195863629	31.1437996788	19.9879645356	-0.310069831077	-30.5903831363	-23.6003661632	9.24543274434	25.3159650223	17.4790667065	-0.209954373919	0.715265884781	-10.0121070616	19.6577983561	0.417184445998	12.0896807058	-26.3758995813	16.3475821921	-2.91830602824	0.170602145448	31.5255485984	-19.1655637296	-27.6872672269	-0.148404990077	-3.03994294632	-30.9888164356	31.8108468107	0.145650320611	0.317960761639	-26.4346165472	-21.0912337345	-0.283339212879
>broccoli
12.697977591	-17.5723133718	-72.4047822983	75.4862522316	4.73168664937	96.4997451065	-35.4182130175	-102.762241359	3.87220440356	95.2051429187	-28.8482454649	42.6593871231	80.7506092637	-74.6450462248	-4.22330532312	-17.7241441709	-88.9808932799	8.39358904794	-28.5557960905	45.7771524539	-12.5133269808	0.244617547214	63.0590683243	87.6538932953	55.0838737997	-7.26838305109	-80.9715072349	-68.3659826777	28.7718913876	76.2245346573	55.4143847162	-5.42686358656	-0.618545132963	-34.3119706307	56.1167574674	9.92044529507	29.2923437053	-86.9661324291	48.7706191238	-10.9228082546	3.78026976894	96.9114318719	-49.0755136533	-87.4616401125	-4.00370046729	-6.47922468148	-84.3683912787	103.969102956	3.15669913271	7.42368880897	-71.6694728493	-65.2685511718	-7.16922812807
>pork-sausage
-13.9092852182	-13.7568474214	2.32629253338	4.51567722054	1.15561233802	13.7481585566	-16.7548976857	-14.5840632272	3.9918775476	-8.99562875253	-19.8252372194	-6.28431574247	-10.6625871369	-19.399878757	-6.09303137477	26.7417963004	-8.88804355284	-16.611067212	-0.9415553942	5.53781399466	18.7172214343	16.6464100916	0.602977685095	-23.5228760064	-2.23542092851	-15.7803374301	-3.93055832958	-4.13726187297	33.3371232345	-3.85034295778	-4.16195869283	-24.332987582	1.47228003234	-18.5998595427	-3.16528594109	35.7809046426	-21.3846860101	-22.0463820651	-8.99533371063	1.07796512352	21.2805008517	8.38005738325	-4.98113934375	-28.6475899226	-12.4039373638	19.0793447157	15.5335717012	24.39540307	-13.3812091578	18.0385839108	15.2559657643	-11.3698759424	-13.5697562784
>potato
2.15377930446	-2.45473514274	-10.7021559957	11.6145660331	0.617585410403	14.4614057637	-5.00502711365	-15.2560811311	0.516814227596	14.4231365259	-4.09524335222	7.00641889342	12.5930925147	-11.1732376751	-0.323116166079	-2.87476365494	-13.2888548588	1.59743757988	-3.9175509556	6.90958133207	-1.60570131428	0.0414165364315	9.20494299327	13.4942215254	8.42062302824	-0.979839959085	-12.2446871615	-10.2518860707	4.33882697894	11.4996073657	8.19131597248	-0.348622292885	0.0461421085335	-4.74680842555	8.61950309298	1.15160105541	4.74839834671	-12.7922121805	7.51638344146	-1.5084516901	0.576469950473	14.4780866814	-7.4937812068	-12.9732641259	-0.242038251598	-0.927063393059	-12.8585182935	15.2367388748	0.636559393683	0.929755201975	-10.9745801303	-9.71373500179	-0.716736514591
>asparagus
-4.03495232957	-9.06563374497	-10.3392877895	6.50979332254	3.61313345463	11.3817716129	-11.3392709101	-15.6175516515	3.0252397778	12.3205737199	-9.20629114155	0.429093831988	1.97418710067	-8.603916852	-5.25320998922	1.1201363739	-2.65939550767	6.44340649214	-11.5832966091	2.75581077367	-0.76464734403	0.345318003753	12.2699618406	7.1829445171	2.67577639459	-6.35414988753	2.78217883913	-3.88058491481	4.22909458207	8.47505149577	6.73092155845	0.933090740119	-0.746482869729	-2.1608221737	5.28216260979	5.46279513208	0.603973941695	-13.1045473067	7.33886050319	-1.58952837751	4.00300478579	11.1982137187	2.703767138	-10.7494676712	0.995724173402	2.89733961904	-1.79162329757	14.2181041953	5.67923545512	5.04234863585	-1.92112413599	-7.1143543812	-2.34686373481
>sesame-seed
-12.0073149305	-15.0975049618	-13.4716795806	-2.32178383889	6.4129180884	9.8149637122	-20.0905366975	-18.5243310596	5.23362569443	7.31661853344	-16.1373465554	-15.4788821833	-12.5377622901	-8.47754200101	-13.7812312611	7.34998835111	-0.766373936491	-0.419142529787	-21.842502759	-0.161796561564	-6.64744335376	0.268859446128	18.1555918315	-3.15341964725	-3.52435223612	-9.523833405	9.06125332058	-1.78526655492	3.4293742449	5.65962345627	8.7598904126	-9.29553323943	-4.60172763083	-10.3773110193	-0.728909827195	14.2652246175	-9.22912397724	-18.4079455408	2.19573497631	-4.40337399763	4.70829596513	10.5572362219	8.35901492099	-13.3069722027	-6.97324119569	2.89026021096	6.51319455822	21.0268483307	3.02320556531	10.3132642524	6.23986234749	-7.98859732962	-10.9035535786
>eggplant
-2.1907754133	-3.57748365213	-4.59619031824	1.36835542072	1.45366563462	4.42625842637	-5.06299077606	-6.39620946924	1.18518916948	3.86638188055	-4.0747744923	-2.194917367	-0.633349824214	-3.60522968534	-2.98291030581	1.09966122838	-2.36388514267	0.100169403382	-5.2612497224	1.09840424562	-1.70631580412	0.06170770455	5.34421740937	1.49289526289	0.624290728536	-2.16547699251	-0.115614507476	-2.06226603564	1.42198559703	3.05598472388	3.19620464216	-2.0929825871	-0.977219891876	-3.02786460879	1.22458319218	3.22638191749	-1.21109807761	-5.98684480235	1.64985381569	-1.19255844634	1.06940177222	4.59359226713	0.529853507662	-4.93263822614	-1.56853082811	0.436398991304	-0.723975191915	6.95950915089	0.69559112205	2.33487414607	-0.465037183442	-3.2762964695	-2.46281311303
>radicchio
-3.13987836318	-11.2088525131	-12.1192992652	12.0680314094	4.36883674235	15.2250065133	-12.6301375578	-19.6440818944	3.70647772597	18.8358147496	-10.3787921275	7.4069810872	7.23907122808	-10.8689662257	-3.98721144169	-0.683904830055	-0.944935387128	14.4593022233	-12.5710149033	3.94398151478	2.63436055428	0.624326760741	14.3325323193	13.4522454789	5.14057120823	-8.71203392397	5.46793551116	-4.20187388229	6.14141576781	12.1089899698	7.49023528366	7.60842445967	0.8687821433	2.67759883069	9.37071266136	3.86510499671	4.99283823621	-14.860883365	12.8356630276	-0.555964489275	6.21638515669	14.3941558832	4.05534844686	-12.3656475754	6.33698994149	5.26715349178	-3.29174029627	15.051832553	11.0421763091	5.24869770115	-4.08303759526	-8.27373051096	1.0954951256



Best Food: Worst Food
-----------
>Sarcomas
best:Egg fried bestscore:74.9659537991	worst:jalapeno	worstscore:-116.671762709
>Melanoma
best:kale bestscore:77.9147851219	worst:Egg fried	worstscore:-17.9746309748
>Retinoblastoma
best:radicchio bestscore:6.33698994149	worst:Egg fried	worstscore:-60.325288743
>Colon_Carcinoma
best:sesame-seed bestscore:-0.766373936491	worst:jalapeno	worstscore:-117.602959633
>Lung_Carcinoma
best:radicchio bestscore:7.60842445967	worst:Egg fried	worstscore:-117.182880172
>Brain_Glioblastoma
best:Egg fried bestscore:20.1176452191	worst:tomatoes	worstscore:-1.00168013358
>Lung_Atypical_Carcinoid_Tumor
best:kale bestscore:77.3023550256	worst:Egg fried	worstscore:-13.7965086465
>Large_Cell_Lung_Carcinoma
best:tomatoes bestscore:2.63371716594	worst:Egg fried	worstscore:-77.8112561553
>Blast_Phase_Chronic_Myelogenous_Leukemia
best:Milk, nonfat, fluid, with added vitamin A and vitamin D bestscore:-2.7043756046	worst:kale	worstscore:-147.039980653
>Acute_Lymphoblastic_Leukemia
best:jalapeno bestscore:25.2406650502	worst:Egg fried	worstscore:-70.3953234249
>Adenocarcinoma
best:kale bestscore:104.298291825	worst:sesame-seed	worstscore:-2.32178383889
>Rhabdomyosarcoma
best:Egg fried bestscore:89.8840544426	worst:jalapeno	worstscore:-10.5108407552
>Acute_Myeloid_Leukemia
best:Milk, nonfat, fluid, with added vitamin A and vitamin D bestscore:-1.46219105054	worst:Egg fried	worstscore:-70.4569968746
>Plasma_Cell_Myeloma
best:Milk, nonfat, fluid, with added vitamin A and vitamin D bestscore:-2.6243864899	worst:Egg fried	worstscore:-139.287422432
>Leiomyosarcoma
best:Milk, nonfat, fluid, with added vitamin A and vitamin D bestscore:-1.10093686026	worst:kale	worstscore:-91.1094188246
>Fibrosarcoma
best:Egg fried bestscore:78.6940720971	worst:soybeans	worstscore:-7.89560311209
>Neuroblastoma
best:kale bestscore:70.8645434524	worst:Egg fried	worstscore:-39.9590065228
>Chronic_Myelogenous_Leukemia
best:jalapeno bestscore:4.03099853922	worst:Egg fried	worstscore:-33.5957395859
>Mesothelioma
best:Egg fried bestscore:172.246901437	worst:garlic	worstscore:0.417184445998
>Myeloma
best:Milk, nonfat, fluid, with added vitamin A and vitamin D bestscore:-2.58151020212	worst:kale	worstscore:-123.810439106
>Esophageal_Carcinoma
best:Egg fried bestscore:83.184329236	worst:kale	worstscore:-15.6195059279
>Squamous_Cell_Carcinoma
best:Egg fried bestscore:87.9133464141	worst:garlic	worstscore:0.317960761639
>Amelanotic_Skin_Melanoma
best:spinach bestscore:12.8652611075	worst:tomatoes	worstscore:0.0397107596912
>Carcinoma
best:jalapeno bestscore:67.762208332	worst:Egg fried	worstscore:-38.2839495628
>Choriocarcinoma
best:jalapeno bestscore:116.231495833	worst:Egg fried	worstscore:-54.4310661695
>Myeloid_Leukemia
best:jalapeno bestscore:45.5160145195	worst:Egg fried	worstscore:-102.182408582
>Colorectal_Adenocarcinoma
best:kale bestscore:19.2189489318	worst:Egg fried	worstscore:-76.0531453407
>Lung_Adenocarcinoma
best:kale bestscore:106.447577684	worst:Egg fried	worstscore:-12.1804150311
>Lymphoma
best:soybeans bestscore:4.67076312992	worst:spinach	worstscore:-7.98447114967
>T-Cell_Lymphoma
best:Milk, nonfat, fluid, with added vitamin A and vitamin D bestscore:-1.67064201483	worst:kale	worstscore:-90.3876577803
>Leiomyoblastoma
best:sesame-seed bestscore:9.06125332058	worst:jalapeno	worstscore:-113.772975702
>Non-Hodgkin_Lymphoma
best:Egg fried bestscore:2.92684794069	worst:kale	worstscore:-15.0932240117
>B-Cell_Neoplasm
best:apple bestscore:-1.86398154497	worst:Egg fried	worstscore:-86.0015624219
>Medulloblastoma
best:radicchio bestscore:2.67759883069	worst:Egg fried	worstscore:-91.1717513499
>Bronchogenic_Carcinoma
best:kale bestscore:135.153295717	worst:Egg fried	worstscore:-39.265525835
>Cutaneous_T_Cell_Lymphoma
best:Beef, retail cuts, separable fat, cooked bestscore:-0.568094865627	worst:kale	worstscore:-47.4538711763
>Small_Cell_Lung_Carcinoma
best:radicchio bestscore:11.0421763091	worst:Egg fried	worstscore:-59.6439930235
>Erythroleukemia
best:kale bestscore:61.4654122855	worst:soybeans	worstscore:-0.215972216415
>Ovarian_Serous_Adenocarcinoma
best:kale bestscore:135.246098987	worst:Milk, nonfat, fluid, with added vitamin A and vitamin D	worstscore:1.95578457502
>Hodgkin_Lymphoma
best:jalapeno bestscore:75.7078726357	worst:Egg fried	worstscore:-10.3094499899
>Anaplastic_Carcinoma
best:kale bestscore:135.089210603	worst:Milk, nonfat, fluid, with added vitamin A and vitamin D	worstscore:1.97396676852
>Osteosarcoma
best:Egg fried bestscore:101.293210265	worst:tomatoes	worstscore:-2.57191701607
>Synovial_Sarcoma
best:Egg fried bestscore:74.1458912414	worst:jalapeno	worstscore:-99.6429347721
>Wilms_Tumor
best:soybeans bestscore:1.42479238974	worst:Egg fried	worstscore:-69.5454723516
>Glioblastoma
best:kale bestscore:92.5529856515	worst:pink-salmon-cooked	worstscore:-0.346512124766
>Chronic_Lymphocytic_Leukemia
best:Milk, nonfat, fluid, with added vitamin A and vitamin D bestscore:-2.04113064602	worst:kale	worstscore:-104.09616546
>Small_Cell_Carcinoma
best:kale bestscore:146.290720782	worst:Milk, nonfat, fluid, with added vitamin A and vitamin D	worstscore:2.91842051281
>Acute_T_Cell_Lymphoblastic_Leukemia
best:Egg fried bestscore:5.41811713952	worst:kale	worstscore:-102.660439971
>Liposarcoma
best:Egg fried bestscore:156.592901233	worst:Milk, nonfat, fluid, with added vitamin A and vitamin D	worstscore:1.35257841585
>Burkitt_Lymphoma
best:apple bestscore:-1.77725874743	worst:Egg fried	worstscore:-99.0550147037
>Hepatocellular_Carcinoma
best:kale bestscore:120.716175778	worst:Egg fried	worstscore:-109.681679293
>Clear_Cell_Adenocarcinoma
best:Egg fried bestscore:125.837186552	worst:jalapeno	worstscore:-28.7357768387
>Papillary_Lung_Adenocarcinoma
best:sesame-seed bestscore:8.35901492099	worst:jalapeno	worstscore:-70.9704063379
